camera_matrix:
- - 1512.4854296383141
  - 0.0
  - 972.0387880159736
- - 0.0
  - 1505.9233243515478
  - 536.590892324619
- - 0.0
  - 0.0
  - 1.0
dist_coeff:
- - 0.14371650765274205
- - -0.5152593672456038
- - -0.003621891990515911
- - 0.002995502843881492
- - 0.5015045859714946
